;! output_format 5.3
; Custom WaveView ADV/WaveView writes out 
; created at 18:27:35 on Mon Feb 28 2022
.time_resolution 1e-05 
.current_resolution 1.0 
.voltage_resolution 1.0 
.hier_separator .
.case S
.index v(net11) 0 v
.index v(net15) 1 v
.index v(net17) 2 v
.index xi0.isub(master) 3 I
.index xi0.isub(u1) 4 I
.index xi0.isub(u2) 5 I
.index xi0.isub(a) 6 I
.index xi0.isub(b) 7 I
0
0  1.7992E+00 
7 -6.6939E-14 
1  0.0000E+00 
3 -1.1142E-08 
4  6.4721E-13 
2  0.0000E+00 
5  3.7773E-14 
6 -1.1292E-14 
1000
5 -3.5914E-09 
6 -9.1453E-10 
7  1.9649E-09 
3 -8.8707E-09 
4 -1.6924E-09 
2994
3 -4.4511E-09 
4 -1.0756E-10 
6 -7.8819E-11 
5 -2.5654E-09 
7 -5.7167E-10 
6263
5 -1.9922E-08 
7  2.1015E-08 
4 -1.2339E-09 
3  1.1187E-08 
6 -2.0250E-09 
9651
3 -2.5439E-09 
6 -8.5433E-09 
7  1.0482E-07 
5 -1.0123E-07 
0  1.7992E+00 
4 -3.2077E-08 
12609
7  5.2579E-08 
3  3.8914E-09 
4 -2.8023E-09 
6 -4.1042E-09 
5 -5.1445E-08 
15410
6 -1.0873E-09 
5 -1.5128E-08 
3  3.2565E-10 
0  1.7991E+00 
7  1.5186E-08 
4 -7.8503E-08 
19597
7  1.7459E-08 
4 -1.6330E-08 
3  2.3559E-09 
6 -1.1176E-09 
5 -1.7452E-08 
0  1.7990E+00 
24571
5 -1.7667E-08 
0  1.7988E+00 
3 -6.9710E-09 
7  1.7600E-08 
4 -2.3347E-09 
6 -1.2672E-09 
31874
4 -6.3595E-09 
6 -2.7605E-09 
3  6.7781E-09 
5 -2.6163E-08 
0  1.7983E+00 
7  2.5988E-08 
42098
0  1.7970E+00 
7  3.6129E-08 
3  1.8646E-08 
4 -4.5608E-08 
6 -8.3804E-09 
5 -3.5309E-08 
50000
6 -5.5503E-09 
5 -4.7719E-09 
3  2.6948E-08 
0  1.7957E+00 
7  6.8585E-09 
4 -1.3837E-07 
1  1.0000E+00 
2  0.0000E+00 
51348
3  4.7477E-08 
6 -2.4730E-08 
5 -3.6767E-07 
4 -3.3933E-09 
7  3.8308E-07 
52465
4 -4.3579E-10 
7  5.2313E-09 
3 -4.4319E-10 
6 -1.3985E-09 
5 -3.3287E-09 
0  1.7952E+00 
54699
5  8.7951E-11 
7  4.8977E-10 
4 -1.1637E-10 
6 -3.3435E-10 
3 -1.1244E-09 
57207
6 -3.9234E-11 
3  2.0419E-07 
5 -1.0825E-09 
0  1.7943E+00 
4 -2.4085E-10 
7 -2.3094E-10 
59286
4 -5.1487E-10 
7 -4.4191E-10 
3  5.2244E-09 
6  7.7061E-14 
5 -1.1162E-09 
61420
6  9.6251E-13 
5 -9.8771E-10 
7 -1.4374E-10 
4 -7.7820E-10 
3  1.5590E-08 
0  1.7937E+00 
64166
3  1.6690E-07 
0  1.7933E+00 
5 -8.5486E-10 
6 -1.0633E-11 
4 -1.2292E-09 
7  1.3978E-09 
68178
4  8.6394E-10 
7 -9.0869E-08 
0  1.7928E+00 
3  5.2633E-06 
6 -1.2631E-10 
5  1.4277E-07 
74836
6 -1.8248E-08 
5 -2.1563E-07 
7  3.5563E-07 
4  6.1782E-10 
3  1.1857E-04 
0  1.7922E+00 
79994
3  3.4190E-05 
0  1.7917E+00 
5  1.1329E-06 
6 -1.1927E-08 
4 -2.2277E-09 
7 -5.7953E-07 
86057
4 -4.8906E-08 
7 -1.2139E-09 
0  1.7912E+00 
3  6.3818E-08 
6 -1.6545E-10 
5  1.6688E-09 
92782
6 -3.7782E-11 
5  5.9458E-10 
7 -3.7545E-10 
4 -2.8427E-07 
3  1.1248E-06 
95863
4 -5.1139E-08 
3  2.0084E-06 
5  6.7478E-09 
6 -6.6028E-11 
7 -3.0976E-09 
0  1.7905E+00 
98263
7 -8.5197E-09 
3  3.2098E-06 
4  8.8127E-09 
6 -1.9549E-10 
5  1.9268E-08 
100000
6 -3.9338E-10 
5  3.8917E-08 
7 -1.5941E-08 
3  4.1924E-06 
4  1.6573E-08 
2  1.0000E+00 
101722
4  4.1750E-07 
5  3.9430E-08 
6 -7.8003E-10 
3  2.3352E-06 
0  1.7901E+00 
7 -1.3493E-08 
103473
4  1.3806E-07 
5  2.4381E-08 
7 -5.3634E-09 
3  1.9271E-06 
6 -3.1329E-10 
105927
3  3.6741E-06 
6 -1.7258E-09 
4  3.6020E-06 
0  1.7899E+00 
7 -1.0360E-08 
5  8.9636E-08 
109882
7 -2.9391E-08 
5  7.0749E-07 
6 -1.4278E-08 
3  1.1540E-05 
0  1.7898E+00 
4  8.6431E-05 
113356
5  7.2652E-07 
7 -1.6497E-07 
4  9.2387E-06 
3  9.7195E-07 
6 -1.0364E-08 
115834
3  1.7489E-06 
6 -2.3483E-08 
5  9.0499E-07 
7 -2.1197E-07 
4  9.3846E-08 
119423
7  6.6084E-09 
4  5.8043E-07 
6 -8.8891E-10 
3  7.6044E-08 
5 -2.8621E-09 
123834
3  1.8081E-06 
5  2.6876E-07 
4  1.5433E-08 
7 -5.4724E-08 
6 -4.7062E-09 
0  1.7897E+00 
129897
6 -4.9357E-09 
5  1.7702E-07 
3  9.4985E-07 
7 -3.3392E-08 
4 -4.7960E-09 
139792
7 -2.7022E-09 
4 -1.0430E-08 
6 -3.1094E-10 
0  1.7895E+00 
3  5.6099E-08 
5  1.2384E-08 
151221
3  3.0857E-08 
5  7.2378E-09 
4  1.0919E-08 
7 -1.4764E-09 
0  1.7894E+00 
6 -1.9733E-10 
172867
0  1.7892E+00 
6 -4.7084E-14 
5 -3.6468E-13 
3 -1.6021E-12 
7 -2.1900E-13 
4  8.9646E-13 
213593
7  6.6409E-14 
4 -3.4490E-13 
6  2.3262E-14 
0  1.7889E+00 
3  6.0482E-13 
5  1.2375E-13 
295045
3 -1.5855E-13 
5 -3.0811E-14 
4  9.1472E-14 
7 -2.4301E-14 
0  1.7886E+00 
457949
3  1.8684E-14 
4 -1.1744E-14 
0  1.7884E+00 
6  2.1539E-15 
783757
7 -6.3262E-15 
0  1.7883E+00 
5 -3.0413E-17 
1435373
0  1.7884E+00 
2738605
3  1.0662E-14 
0  1.7883E+00 
4  4.6243E-17 
5345069
0  1.7883E+00 
10557997
7  2.9087E-17 
20983853
0  1.7883E+00 
6  2.8796E-17 
166945837
5  6.7732E-17 
667386925
0  1.7883E+00 
3  2.5857E-12 
5338170413
4 -4.7993E-15 
17607854633
7  1.9882E-15 
132124907353
6  5.2519E-15 
863001539033
7 -3.6855E-20 
4  2.0329E-20 
3  1.5778E-19 
5  1.0503E-19 
2063001539033
6  5.9754E-20 
200000000050000
5  5.4210E-20 
3  1.5778E-19 
7  1.6084E-20 
1  1.0000E+00 
4  2.0329E-20 
200000000052281
3  1.6416E-06 
6 -4.2751E-14 
4  1.4642E-06 
5  2.6728E-07 
7 -8.0958E-08 
200000000054562
5  4.2076E-07 
7 -1.5131E-07 
6 -1.1737E-09 
3  2.9147E-06 
4  9.1625E-07 
200000000057502
3  2.5401E-06 
4  4.9689E-07 
7  3.1078E-08 
5  7.8756E-08 
6 -1.2525E-09 
200000000061007
5 -5.9615E-07 
6 -2.9671E-08 
4 -4.9205E-08 
3  4.6192E-05 
7  6.9890E-07 
0  1.7883E+00 
200000000064653
7  1.0577E-07 
0  1.7884E+00 
6 -1.2361E-08 
5  8.9386E-08 
3  5.9770E-05 
4  2.9064E-07 
200000000067605
3  1.4130E-05 
4  2.2115E-07 
0  1.7884E+00 
7 -1.3487E-09 
5  5.3367E-08 
6 -3.1303E-10 
200000000070908
5 -1.7882E-09 
6 -5.6233E-11 
4 -8.6248E-07 
3  1.2888E-06 
7  2.2311E-09 
0  1.7886E+00 
200000000075209
7  4.9899E-09 
0  1.7889E+00 
6 -4.6467E-10 
5 -5.5587E-09 
3  3.2558E-07 
4 -2.1157E-07 
200000000079920
3  1.3958E-08 
4 -1.5748E-08 
0  1.7892E+00 
7  1.7671E-08 
5 -1.7517E-08 
6 -1.9529E-09 
200000000086511
5 -1.2071E-07 
6 -1.7640E-08 
4 -9.8102E-09 
3  3.0827E-08 
7  1.2842E-07 
0  1.7898E+00 
200000000095738
7  3.0076E-07 
6 -1.2237E-07 
5 -1.9451E-07 
3  3.4994E-07 
4 -4.6856E-08 
200000000100000
3  2.3851E-08 
4 -8.9377E-09 
7  9.5029E-09 
6 -1.2968E-08 
1  0.0000E+00 
5  9.1842E-10 
2  1.0000E+00 
200000000101997
5  2.7168E-09 
7  1.3414E-09 
3  9.5624E-07 
4  2.6093E-08 
6 -2.1624E-09 
0  1.7912E+00 
200000000103469
6 -2.2558E-10 
7  1.6510E-10 
5  4.6147E-11 
4 -1.9449E-09 
3  6.6104E-09 
200000000106413
4  4.4630E-09 
3  1.0386E-07 
6 -2.4996E-10 
7  1.3065E-10 
5  1.8542E-10 
200000000110264
7  8.6597E-11 
5  4.1578E-10 
3  2.0804E-07 
4 -6.7337E-09 
6 -1.8745E-10 
0  1.7918E+00 
200000000115697
6 -5.9665E-12 
0  1.7922E+00 
5  3.3557E-10 
7  5.6405E-13 
4 -3.3200E-09 
3  1.5131E-07 
200000000122417
4 -1.4811E-10 
3  1.1121E-08 
0  1.7927E+00 
6 -5.6967E-12 
7  8.0108E-12 
5  9.1478E-12 
200000000129435
7 -1.5113E-10 
5  3.9596E-08 
3  1.8608E-05 
4  1.5705E-10 
6 -3.6366E-11 
200000000134809
4  5.7011E-09 
6 -5.4074E-10 
5  5.1392E-07 
7 -3.6573E-09 
3 -1.5720E-03 
0  1.7935E+00 
200000000138841
3 -6.4351E-04 
6 -1.6855E-11 
4  4.0794E-09 
7 -2.9168E-09 
5  5.3330E-08 
200000000142167
7 -2.3157E-09 
5  3.1360E-09 
3 -7.0999E-06 
6 -1.0997E-10 
4  3.9783E-09 
200000000144721
6 -6.5155E-12 
4  2.8313E-10 
5 -2.4560E-10 
7 -7.2129E-10 
3 -1.1714E-08 
0  1.7940E+00 
200000000146642
3 -6.2196E-09 
4  5.3413E-13 
6 -1.7365E-12 
7 -1.4793E-10 
5 -8.3155E-10 
200000000149033
7 -1.1161E-10 
5 -8.7955E-10 
3  8.4761E-10 
4  1.3178E-10 
6 -6.4152E-14 
200000000150000
4 -2.2342E-11 
6  6.9350E-15 
5 -1.5430E-10 
7 -1.5847E-11 
2  0.0000E+00 
3  1.8943E-10 
200000000150967
5 -1.0394E-08 
4 -7.5867E-11 
3 -2.4718E-06 
6 -2.4212E-10 
7  2.4737E-09 
200000000152418
6 -8.3094E-12 
7  3.3850E-10 
4 -3.9783E-10 
5  1.8655E-09 
3 -1.6989E-10 
200000000155118
5 -8.1939E-10 
3  2.8299E-09 
7  1.7244E-09 
6 -3.8792E-10 
4  1.4218E-10 
0  1.7946E+00 
200000000158511
4 -9.6820E-11 
3 -7.4544E-14 
5 -2.5376E-10 
6 -2.1240E-10 
7  3.5773E-10 
200000000165297
6 -1.0718E-14 
7 -1.6389E-13 
4  2.4385E-11 
0  1.7950E+00 
5  7.6921E-14 
3  1.1382E-13 
200000000178398
5 -2.7650E-11 
7  4.2132E-11 
6 -2.8194E-11 
0  1.7956E+00 
4 -2.8126E-11 
200000000204600
0  1.7964E+00 
4 -9.2068E-11 
5 -4.5310E-12 
7  5.9981E-12 
6 -2.9214E-12 
200000000257004
7  8.1472E-12 
6 -3.9783E-12 
4 -8.8399E-10 
0  1.7976E+00 
5 -6.1571E-12 
3  1.9775E-12 
200000000331679
5 -6.2356E-15 
3  1.8027E-12 
6  4.7383E-15 
7 -2.3247E-14 
0  1.7985E+00 
4 -6.8231E-10 
200000000413655
3  2.7352E-13 
0  1.7990E+00 
4 -3.2394E-11 
200000000532675
3 -1.7894E-14 
0  1.7992E+00 
4  2.8642E-14 
200000000752130
0  1.7992E+00 
200000001191040
4  3.6842E-15 
0  1.7992E+00 
5 -1.1667E-19 
3  1.3478E-15 
7 -1.3271E-15 
6  1.0347E-19 
200000001968590
0  1.7992E+00 
200000003523690
0  1.7993E+00 
200000012854290
4  1.9510E-18 
200000025295090
0  1.7992E+00 
3  9.5945E-14 
200000050176690
7 -3.5394E-18 
200010635563269
3  4.0464E-11 
200019813294347
0  1.7992E+00 
200148301529439
4 -3.5691E-14 
200895145226687
3  2.0300E-16 
4  2.1608E-19 
201295145226687
7 -1.5452E-21 
6 -3.3189E-20 
206095145226687
5  5.4581E-20 
400000000000000
6 -2.3611E-20 
5  5.4475E-20 
3  2.0300E-16 
4  2.1608E-19 
7 -1.5452E-21 
1  0.0000E+00 
400000000003957
7  8.6950E-08 
5 -8.9077E-08 
6 -1.2999E-08 
4 -5.4561E-10 
3  3.1815E-09 
400000000007914
4 -1.2413E-08 
3  4.6974E-10 
7  8.7038E-08 
5 -8.3180E-08 
6 -7.3874E-09 
0  1.7992E+00 
400000000011781
6 -5.4542E-11 
0  1.7992E+00 
3  7.3133E-10 
4 -8.0837E-10 
5 -2.2388E-10 
7  9.8572E-10 
400000000015760
5 -7.9035E-08 
7  8.0454E-08 
0  1.7991E+00 
6 -5.4677E-09 
4 -1.0844E-07 
3 -6.8460E-09 
400000000019099
4 -1.8327E-08 
3 -2.3427E-09 
7  1.4603E-08 
5 -1.4649E-08 
6 -9.9927E-10 
0  1.7990E+00 
400000000025777
6 -2.4813E-09 
0  1.7987E+00 
3  4.6832E-09 
4 -4.6515E-09 
5 -3.4009E-08 
7  3.4007E-08 
400000000032719
5 -2.6918E-08 
7  2.6737E-08 
0  1.7982E+00 
6 -2.9474E-09 
4 -7.3186E-09 
3  1.8290E-09 
400000000042437
4 -4.0276E-08 
3  1.2946E-08 
7  2.6328E-08 
5 -2.5558E-08 
6 -6.7407E-09 
0  1.7970E+00 
400000000050000
6 -4.6265E-09 
3  2.0648E-08 
4 -1.2580E-07 
2  0.0000E+00 
5 -3.4384E-09 
1  1.0000E+00 
7  5.3024E-09 
400000000051323
3  4.6241E-08 
0  1.7954E+00 
7  3.6738E-07 
6 -2.3575E-08 
5 -3.5264E-07 
4 -3.3580E-09 
400000000052418
5 -3.2566E-09 
4 -4.3575E-10 
3 -4.9834E-10 
7  5.1062E-09 
6 -1.3685E-09 
400000000054608
7  5.1122E-10 
6 -3.3925E-10 
4 -1.2986E-10 
5  8.4297E-11 
3  9.4191E-10 
0  1.7948E+00 
400000000057137
3  1.8690E-07 
6 -4.2503E-11 
7 -2.1384E-10 
5 -1.0698E-09 
4 -2.2340E-10 
400000000059279
5 -1.1750E-09 
4 -5.4330E-10 
3  5.6075E-09 
0  1.7940E+00 
7 -4.6247E-10 
6 -2.2489E-13 
400000000061427
7 -1.4881E-10 
6  1.7299E-12 
4 -8.0157E-10 
5 -1.0190E-09 
0  1.7937E+00 
3  1.6103E-08 
400000000064192
0  1.7933E+00 
3  1.7240E-07 
6 -1.0276E-11 
7  1.3690E-09 
5 -7.9767E-10 
4 -1.2457E-09 
400000000068239
5  1.5249E-07 
4  9.0666E-10 
3  5.5584E-06 
0  1.7928E+00 
7 -9.6623E-08 
6 -1.2597E-10 
400000000074965
7  4.3306E-07 
6 -2.1825E-08 
4  3.5307E-10 
5 -2.8788E-07 
0  1.7921E+00 
3  1.2088E-04 
400000000080147
0  1.7917E+00 
3  3.3720E-05 
6 -1.1956E-08 
7 -5.6329E-07 
5  1.1003E-06 
4 -2.3735E-09 
400000000086127
5  2.4973E-09 
4 -4.9264E-08 
3  4.5619E-08 
0  1.7912E+00 
7 -1.6015E-09 
6 -1.8378E-10 
400000000092269
7 -2.9884E-10 
6 -3.0087E-11 
4 -2.1399E-07 
5  4.6532E-10 
3  7.5401E-07 
400000000095833
5  7.9994E-09 
3  2.4350E-06 
6 -8.1022E-11 
7 -3.7082E-09 
4 -7.2616E-08 
0  1.7905E+00 
400000000098487
4  1.0853E-08 
3  4.7978E-06 
5  2.9274E-08 
7 -1.2936E-08 
6 -3.0155E-10 
400000000100000
7 -1.3002E-08 
6 -3.1468E-10 
4  1.4817E-08 
3  3.4843E-06 
5  3.2112E-08 
2  1.0000E+00 
400000000101484
5  2.4699E-08 
6 -5.0718E-10 
7 -8.6434E-09 
3  1.5957E-06 
0  1.7901E+00 
4  2.9601E-07 
400000000103185
5  1.9738E-08 
6 -2.6937E-10 
4  1.1020E-07 
3  1.7074E-06 
7 -4.3971E-09 
400000000105543
3  3.3776E-06 
7 -9.0520E-09 
5  7.4812E-08 
0  1.7899E+00 
4  2.7992E-06 
6 -1.4639E-09 
400000000109950
4  1.3866E-04 
6 -3.1086E-08 
7 -1.5251E-07 
3  2.0324E-05 
0  1.7898E+00 
5  1.6599E-06 
400000000111905
6 -5.7704E-10 
4  8.7911E-05 
5  1.6299E-07 
3  1.2709E-07 
7 -7.1039E-08 
400000000113645
3  8.8446E-07 
7 -2.3695E-07 
6 -1.7075E-08 
4  3.2438E-06 
5  9.6237E-07 
400000000116419
4  6.2670E-07 
5  9.3384E-08 
7 -1.9056E-08 
3  3.5372E-07 
6 -1.0222E-09 
400000000118629
3  7.1288E-07 
6 -2.0808E-10 
5  9.6649E-08 
4  4.6656E-08 
7 -2.1358E-08 
400000000120863
4 -3.7645E-09 
7 -1.4567E-08 
6 -2.4834E-09 
3  4.0634E-07 
5  8.3597E-08 
0  1.7898E+00 
400000000125331
5  1.1413E-07 
7 -2.0453E-08 
4 -6.6903E-09 
3  5.9122E-07 
6 -3.5051E-09 
400000000131511
3  1.7049E-07 
6 -7.1591E-10 
5  3.4144E-08 
7 -7.6473E-09 
4 -1.1706E-08 
400000000139982
7 -5.8207E-13 
4  3.3529E-12 
6 -1.0835E-13 
3 -5.8276E-12 
5 -1.1154E-12 
0  1.7895E+00 
400000000155707
5  3.3024E-14 
0  1.7894E+00 
4 -1.0434E-13 
7 -1.4366E-14 
3  1.6648E-13 
6 -1.0783E-15 
400000000187157
3  3.3317E-13 
0  1.7891E+00 
4 -1.8310E-13 
7  4.7521E-14 
400000000250057
4  4.3421E-14 
7 -1.5148E-14 
3 -6.8259E-14 
0  1.7887E+00 
5 -2.0831E-15 
400000000375857
3 -5.8984E-15 
0  1.7884E+00 
6 -1.3592E-15 
400000000627457
4 -8.8512E-16 
0  1.7883E+00 
400000001130657
7 -1.9233E-15 
0  1.7884E+00 
400000002137057
5  3.6511E-19 
3  3.1535E-15 
400000004149857
0  1.7883E+00 
400000008175457
6 -2.4217E-19 
400000032329057
7 -1.7125E-17 
4  5.4004E-17 
400000064533857
0  1.7883E+00 
400024801258317
0  1.7883E+00 
400047829769097
6 -1.3150E-15 
400186000833777
7 -5.1977E-14 
400970228920017
4  4.4046E-20 
7 -5.2584E-21 
3 -2.7268E-20 
5 -1.0842E-19 
402970228920017
6 -8.6355E-20 
600000000050000
5 -1.0842E-19 
3 -1.8990E-19 
4 -1.4540E-26 
1  1.0000E+00 
7 -1.1823E-20 
600000000052281
3  1.6414E-06 
6  7.2872E-15 
7 -8.0945E-08 
5  2.6725E-07 
4  1.4640E-06 
600000000054562
5  4.2077E-07 
4  9.1627E-07 
6 -1.1738E-09 
3  2.9148E-06 
7 -1.5131E-07 
600000000057502
3  2.5401E-06 
7  3.1067E-08 
4  4.9689E-07 
5  7.8776E-08 
6 -1.2525E-09 
600000000061007
5 -5.9614E-07 
6 -2.9671E-08 
7  6.9888E-07 
3  4.6191E-05 
4 -4.9206E-08 
0  1.7883E+00 
600000000064653
4  2.9064E-07 
0  1.7884E+00 
6 -1.2361E-08 
5  8.9386E-08 
3  5.9769E-05 
7  1.0577E-07 
600000000067605
3  1.4130E-05 
7 -1.3484E-09 
0  1.7884E+00 
4  2.2115E-07 
5  5.3366E-08 
6 -3.1280E-10 
600000000070908
5 -1.7878E-09 
6 -5.6482E-11 
7  2.2309E-09 
3  1.2888E-06 
4 -8.6247E-07 
0  1.7886E+00 
600000000075209
4 -2.1157E-07 
0  1.7889E+00 
6 -4.6480E-10 
5 -5.5572E-09 
3  3.2558E-07 
7  4.9897E-09 
600000000079920
3  1.3958E-08 
7  1.7671E-08 
0  1.7892E+00 
4 -1.5748E-08 
5 -1.7520E-08 
6 -1.9531E-09 
600000000086511
5 -1.2071E-07 
6 -1.7640E-08 
7  1.2842E-07 
3  3.0827E-08 
4 -9.8101E-09 
0  1.7898E+00 
600000000095738
4 -4.6855E-08 
6 -1.2237E-07 
5 -1.9451E-07 
3  3.4994E-07 
7  3.0076E-07 
600000000100000
3  2.3850E-08 
7  9.5029E-09 
4 -8.9377E-09 
6 -1.2968E-08 
1  0.0000E+00 
5  9.1775E-10 
2  1.0000E+00 
600000000101998
5  2.7191E-09 
4  2.6112E-08 
3  9.5730E-07 
7  1.3418E-09 
6 -2.1634E-09 
0  1.7912E+00 
600000000103470
6 -2.2563E-10 
4 -1.9413E-09 
5  4.6139E-11 
7  1.6507E-10 
3  6.6159E-09 
600000000106414
7  1.3040E-10 
3  1.0385E-07 
6 -2.4986E-10 
4  4.4605E-09 
5  1.8646E-10 
600000000110265
4 -6.7333E-09 
5  4.1492E-10 
3  2.0797E-07 
7  8.6461E-11 
6 -1.8758E-10 
0  1.7918E+00 
600000000115697
6 -5.7440E-12 
0  1.7922E+00 
5  3.3663E-10 
4 -3.3162E-09 
7  6.3933E-13 
3  1.5117E-07 
600000000122417
7  8.1044E-12 
3  1.1114E-08 
0  1.7927E+00 
6 -5.6913E-12 
4 -1.4748E-10 
5  9.6038E-12 
600000000129434
4  1.5678E-10 
5  3.9556E-08 
3  1.8591E-05 
7 -1.5121E-10 
6 -3.6495E-11 
600000000134807
7 -3.6558E-09 
6 -5.4064E-10 
5  5.1370E-07 
4  5.6973E-09 
3 -1.5686E-03 
0  1.7935E+00 
600000000138839
3 -6.4320E-04 
6 -1.6733E-11 
7 -2.9164E-09 
4  4.0779E-09 
5  5.3362E-08 
600000000142165
4  3.9791E-09 
5  3.1385E-09 
3 -7.1224E-06 
6 -1.0991E-10 
7 -2.3161E-09 
600000000144720
6 -6.5346E-12 
7 -7.2225E-10 
5 -2.4308E-10 
4  2.8393E-10 
3 -1.4634E-08 
0  1.7940E+00 
600000000146641
3  1.8968E-09 
7 -1.4790E-10 
6 -1.8280E-12 
4  9.4546E-13 
5 -8.3086E-10 
600000000149080
4  1.3157E-10 
5 -9.0560E-10 
3  8.7844E-10 
7 -1.1480E-10 
6  3.3528E-14 
600000000150000
7 -1.5010E-11 
6 -8.0867E-14 
5 -1.4511E-10 
4 -2.1268E-11 
2  0.0000E+00 
3  1.7896E-10 
600000000150920
5 -9.2153E-09 
7  2.2705E-09 
3 -2.3210E-06 
6 -2.2185E-10 
4 -7.2790E-11 
600000000152344
6 -6.9742E-12 
4 -4.0375E-10 
7  3.2051E-10 
5  1.9531E-09 
3  5.6233E-09 
600000000154963
5 -7.7173E-10 
3  2.0865E-09 
4  1.3707E-10 
6 -3.7194E-10 
7  1.7105E-09 
0  1.7946E+00 
600000000158247
7  3.6611E-10 
3 -3.7036E-13 
5 -2.6045E-10 
6 -2.1764E-10 
4 -1.0254E-10 
600000000164815
6 -6.1703E-14 
4  2.6040E-11 
7  9.7507E-15 
0  1.7950E+00 
5 -2.7915E-13 
3  1.9676E-13 
600000000177488
5 -2.7590E-11 
3  3.1336E-13 
4 -2.9735E-11 
6 -2.9044E-11 
0  1.7955E+00 
7  4.3016E-11 
600000000202834
0  1.7964E+00 
7  5.1173E-12 
3  9.2163E-13 
5 -3.8156E-12 
6 -2.5605E-12 
4 -8.1529E-11 
600000000253526
6 -3.3987E-12 
4 -8.1142E-10 
7  6.8563E-12 
0  1.7976E+00 
5 -5.1895E-12 
3  1.8673E-12 
600000000328447
5 -9.9401E-15 
3  1.9562E-12 
4 -7.5933E-10 
6 -3.8291E-15 
0  1.7985E+00 
7 -1.0809E-14 
600000000409653
0  1.7989E+00 
3  3.0941E-13 
4 -4.1999E-11 
600000000526692
0  1.7992E+00 
3 -1.9978E-14 
4  2.9273E-14 
600000000737106
0  1.7992E+00 
5 -4.5717E-20 
600000001157934
0  1.7992E+00 
3 -4.9199E-15 
4  3.9051E-15 
600000001890934
7 -8.4821E-18 
6 -2.3548E-20 
600000003356934
0  1.7993E+00 
600000012152934
4  1.3117E-18 
600000023880934
0  1.7992E+00 
3 -5.8940E-14 
600010158783133
0  1.7992E+00 
3 -2.5164E-11 
600036474169399
7 -2.6081E-15 
600282084441215
4 -1.8587E-14 
600882084441215
3 -2.9665E-16 
601282084441215
7 -4.9246E-21 
4 -4.1026E-20 
602082084441215
6 -8.5744E-20 
604482084441215
5 -1.0842E-19 
800000000000000
6 -8.5550E-20 
5 -1.0842E-19 
3 -2.9665E-16 
7 -5.9305E-21 
4 -4.1026E-20 
1  0.0000E+00 
800000000003957
4 -5.4627E-10 
5 -8.9076E-08 
6 -1.2999E-08 
7  8.6950E-08 
3  5.0424E-09 
800000000007914
7  8.7038E-08 
3 -1.3932E-09 
4 -1.2413E-08 
5 -8.3180E-08 
6 -7.3874E-09 
0  1.7992E+00 
800000000011781
6 -5.4288E-11 
0  1.7992E+00 
3  7.3136E-10 
7  9.8567E-10 
5 -2.2401E-10 
4 -8.0836E-10 
800000000015760
5 -7.9036E-08 
4 -1.0844E-07 
0  1.7991E+00 
6 -5.4680E-09 
7  8.0454E-08 
3 -3.1206E-09 
800000000019099
7  1.4603E-08 
3 -1.7244E-08 
4 -1.8327E-08 
5 -1.4648E-08 
6 -9.9902E-10 
0  1.7990E+00 
800000000025777
6 -2.4814E-09 
0  1.7987E+00 
3  8.4095E-09 
7  3.4007E-08 
5 -3.4007E-08 
4 -4.6507E-09 
800000000032719
5 -2.6919E-08 
4 -7.3178E-09 
0  1.7982E+00 
6 -2.9464E-09 
7  2.6737E-08 
3  1.1142E-08 
800000000042437
7  2.6328E-08 
3  1.1083E-08 
4 -4.0276E-08 
5 -2.5557E-08 
6 -6.7406E-09 
0  1.7970E+00 
800000000050000
6 -4.6273E-09 
3  2.4373E-08 
7  5.3023E-09 
2  0.0000E+00 
5 -3.4390E-09 
1  1.0000E+00 
4 -1.2580E-07 
800000000051323
3  3.8790E-08 
0  1.7954E+00 
4 -3.3581E-09 
6 -2.3577E-08 
5 -3.5264E-07 
7  3.6738E-07 
800000000052418
5 -3.2566E-09 
7  5.1064E-09 
3 -4.9742E-10 
4 -4.3554E-10 
6 -1.3684E-09 
800000000054608
4 -1.2957E-10 
6 -3.3989E-10 
7  5.1103E-10 
5  8.4797E-11 
3 -9.2051E-10 
0  1.7948E+00 
800000000057137
3  1.8690E-07 
6 -4.2040E-11 
4 -2.2307E-10 
5 -1.0701E-09 
7 -2.1409E-10 
800000000059279
5 -1.1752E-09 
7 -4.6248E-10 
3  5.6068E-09 
0  1.7940E+00 
4 -5.4244E-10 
6 -1.8949E-13 
800000000061427
4 -8.0124E-10 
6  9.2072E-13 
7 -1.4873E-10 
5 -1.0193E-09 
0  1.7937E+00 
3  1.6103E-08 
800000000064192
0  1.7933E+00 
3  1.7240E-07 
6 -1.0411E-11 
4 -1.2456E-09 
5 -7.9948E-10 
7  1.3688E-09 
800000000068239
5  1.5249E-07 
7 -9.6623E-08 
3  5.5584E-06 
0  1.7928E+00 
4  9.0606E-10 
6 -1.2613E-10 
800000000074965
4  3.5310E-10 
6 -2.1825E-08 
7  4.3306E-07 
5 -2.8788E-07 
0  1.7921E+00 
3  1.2088E-04 
800000000080147
0  1.7917E+00 
3  3.3720E-05 
6 -1.1956E-08 
4 -2.3733E-09 
5  1.1003E-06 
7 -5.6329E-07 
800000000086127
5  2.4970E-09 
7 -1.6017E-09 
3  4.5620E-08 
0  1.7912E+00 
4 -4.9264E-08 
6 -1.8381E-10 
800000000092269
4 -2.1399E-07 
6 -2.9930E-11 
7 -2.9916E-10 
5  4.6478E-10 
3  7.5401E-07 
800000000095833
5  8.0002E-09 
3  2.4350E-06 
6 -8.0924E-11 
4 -7.2615E-08 
7 -3.7082E-09 
0  1.7905E+00 
800000000098487
7 -1.2936E-08 
3  4.7978E-06 
5  2.9275E-08 
4  1.0852E-08 
6 -3.0150E-10 
800000000100000
4  1.4817E-08 
6 -3.1417E-10 
7 -1.3002E-08 
3  3.4843E-06 
5  3.2112E-08 
2  1.0000E+00 
800000000101484
5  2.4700E-08 
6 -5.0735E-10 
4  2.9601E-07 
3  1.5957E-06 
0  1.7901E+00 
7 -8.6434E-09 
800000000103185
5  1.9739E-08 
6 -2.6960E-10 
7 -4.3973E-09 
3  1.7074E-06 
4  1.1020E-07 
800000000105543
3  3.3776E-06 
4  2.7992E-06 
5  7.4814E-08 
0  1.7899E+00 
7 -9.0526E-09 
6 -1.4638E-09 
800000000109950
7 -1.5251E-07 
6 -3.1084E-08 
4  1.3866E-04 
3  2.0324E-05 
0  1.7898E+00 
5  1.6599E-06 
800000000111905
6 -5.7649E-10 
7 -7.1039E-08 
5  1.6298E-07 
3  1.2709E-07 
4  8.7911E-05 
800000000113645
3  8.8446E-07 
4  3.2438E-06 
6 -1.7075E-08 
7 -2.3695E-07 
5  9.6237E-07 
800000000116419
7 -1.9056E-08 
5  9.3384E-08 
4  6.2670E-07 
3  3.5372E-07 
6 -1.0220E-09 
800000000118629
3  7.1288E-07 
6 -2.0829E-10 
5  9.6648E-08 
7 -2.1357E-08 
4  4.6656E-08 
800000000120863
7 -1.4566E-08 
4 -3.7645E-09 
6 -2.4831E-09 
3  4.0634E-07 
5  8.3596E-08 
0  1.7898E+00 
800000000125331
5  1.1413E-07 
4 -6.6904E-09 
7 -2.0453E-08 
3  5.9122E-07 
6 -3.5054E-09 
800000000131511
3  1.7049E-07 
6 -7.1598E-10 
5  3.4145E-08 
4 -1.1706E-08 
7 -7.6485E-09 
800000000139982
4  3.3685E-12 
7 -5.7619E-13 
6 -1.0759E-13 
3 -5.8132E-12 
5 -1.0618E-12 
0  1.7895E+00 
800000000155707
5  1.5841E-14 
0  1.7894E+00 
7 -1.1725E-14 
4 -1.2220E-13 
3  1.5674E-13 
6 -1.3037E-14 
800000000187157
3  3.4954E-13 
0  1.7891E+00 
5  7.6126E-14 
4 -1.8220E-13 
7  6.1480E-14 
800000000250057
4  4.1339E-14 
7 -1.9112E-14 
3 -6.4807E-14 
6 -1.1824E-15 
5 -1.1170E-14 
0  1.7887E+00 
800000000375857
3 -7.9772E-15 
0  1.7884E+00 
800000000627457
4 -9.7595E-16 
0  1.7883E+00 
800000001130657
7 -2.5516E-15 
0  1.7884E+00 
800000002137057
3  6.5279E-15 
5 -2.8396E-19 
800000004149857
0  1.7883E+00 
800000016226657
6 -3.9572E-18 
800000032329057
7 -1.6996E-17 
4  6.2836E-17 
800000064533857
0  1.7883E+00 
800024801267829
0  1.7883E+00 
800093886804429
6 -1.0563E-14 
800370228950829
7 -1.1807E-13 
800970228950829
4  4.7434E-20 
6  7.7936E-20 
7 -1.3082E-20 
3  1.4711E-19 
5  1.0842E-19 
1000000000050000
3 -1.5516E-20 
5  6.4375E-20 
4 -6.7763E-21 
7 -1.3082E-20 
1  1.0000E+00 
1000000000052281
7 -8.0944E-08 
4  1.4640E-06 
3  1.6414E-06 
5  2.6725E-07 
6 -1.1695E-14 
1000000000054562
5  4.2077E-07 
6 -1.1728E-09 
4  9.1627E-07 
7 -1.5131E-07 
3  2.9148E-06 
1000000000057502
7  3.1067E-08 
3  2.5401E-06 
6 -1.2528E-09 
5  7.8776E-08 
4  4.9689E-07 
1000000000061007
5 -5.9614E-07 
4 -4.9206E-08 
3  4.6191E-05 
7  6.9888E-07 
6 -2.9670E-08 
0  1.7883E+00 
1000000000064653
6 -1.2360E-08 
0  1.7884E+00 
4  2.9064E-07 
5  8.9386E-08 
7  1.0577E-07 
3  5.9769E-05 
1000000000067605
7 -1.3484E-09 
3  1.4130E-05 
0  1.7884E+00 
6 -3.1296E-10 
5  5.3366E-08 
4  2.2115E-07 
1000000000070908
5 -1.7877E-09 
4 -8.6247E-07 
3  1.2888E-06 
7  2.2309E-09 
6 -5.6369E-11 
0  1.7886E+00 
1000000000075209
6 -4.6508E-10 
0  1.7889E+00 
4 -2.1157E-07 
5 -5.5565E-09 
7  4.9898E-09 
3  3.2558E-07 
1000000000079920
7  1.7671E-08 
3  1.3958E-08 
0  1.7892E+00 
6 -1.9531E-09 
5 -1.7518E-08 
4 -1.5747E-08 
1000000000086511
5 -1.2071E-07 
4 -9.8102E-09 
3  3.0827E-08 
7  1.2842E-07 
6 -1.7640E-08 
0  1.7898E+00 
1000000000095738
6 -1.2237E-07 
4 -4.6855E-08 
5 -1.9450E-07 
7  3.0076E-07 
3  3.4994E-07 
1000000000100000
7  9.5030E-09 
3  2.3850E-08 
6 -1.2968E-08 
4 -8.9376E-09 
1  0.0000E+00 
5  9.1825E-10 
2  1.0000E+00 
1000000000101998
5  2.7191E-09 
6 -2.1634E-09 
7  1.3420E-09 
3  9.5730E-07 
4  2.6112E-08 
0  1.7912E+00 
1000000000103470
4 -1.9420E-09 
6 -2.2553E-10 
5  4.6143E-11 
3  6.6160E-09 
7  1.6479E-10 
1000000000106414
3  1.0385E-07 
7  1.3048E-10 
4  4.4595E-09 
6 -2.4979E-10 
5  1.8652E-10 
1000000000110265
6 -1.8743E-10 
5  4.1473E-10 
7  8.6568E-11 
3  2.0797E-07 
4 -6.7333E-09 
0  1.7918E+00 
1000000000115697
4 -3.3164E-09 
0  1.7922E+00 
5  3.3571E-10 
6 -5.8228E-12 
3  1.5117E-07 
7  6.6221E-13 
1000000000122417
3  1.1114E-08 
7  8.1283E-12 
0  1.7927E+00 
4 -1.4744E-10 
6 -5.6110E-12 
5  9.6434E-12 
1000000000129434
6 -3.6478E-11 
5  3.9556E-08 
7 -1.5111E-10 
3  1.8591E-05 
4  1.5676E-10 
1000000000134807
3 -1.5686E-03 
4  5.6983E-09 
5  5.1370E-07 
6 -5.4068E-10 
7 -3.6559E-09 
0  1.7935E+00 
1000000000138839
7 -2.9165E-09 
4  4.0788E-09 
3 -6.4320E-04 
6 -1.6804E-11 
5  5.3363E-08 
1000000000142165
6 -1.0996E-10 
5  3.1387E-09 
7 -2.3160E-09 
4  3.9791E-09 
3 -7.1224E-06 
1000000000144720
4  2.8407E-10 
3 -1.4634E-08 
5 -2.4431E-10 
6 -6.5557E-12 
7 -7.2226E-10 
0  1.7940E+00 
1000000000146641
7 -1.4793E-10 
3  1.8975E-09 
4 -1.3435E-13 
6 -1.8218E-12 
5 -8.3143E-10 
1000000000149032
6 -4.7719E-14 
5 -8.7940E-10 
7 -1.1176E-10 
3  8.4806E-10 
4  1.3177E-10 
1000000000150000
3  1.8972E-10 
4 -2.2057E-11 
5 -1.5440E-10 
6  1.3716E-14 
2  0.0000E+00 
7 -1.5741E-11 
1000000000150968
5 -1.0421E-08 
3 -2.4907E-06 
7  2.4784E-09 
4 -7.5503E-11 
6 -2.4262E-10 
1000000000152420
4 -3.9773E-10 
6 -8.4728E-12 
3  3.5635E-09 
5  1.8630E-09 
7  3.3820E-10 
1000000000155122
5 -8.2066E-10 
7  1.7253E-09 
6 -3.8853E-10 
4  1.4291E-10 
3  4.8739E-09 
0  1.7946E+00 
1000000000158516
3 -2.6247E-13 
7  3.5669E-10 
5 -2.5183E-10 
4 -9.6618E-11 
6 -2.1210E-10 
1000000000165304
4  2.4333E-11 
6  2.1315E-14 
3  1.7021E-13 
0  1.7950E+00 
5 -1.1886E-13 
7 -1.0081E-13 
1000000000178413
5 -2.7903E-11 
7  4.2015E-11 
6 -2.8218E-11 
4 -2.7512E-11 
0  1.7956E+00 
3  4.6010E-13 
1000000000204631
0  1.7964E+00 
3  9.0220E-13 
7  6.0855E-12 
5 -4.5808E-12 
4 -9.2256E-11 
6 -2.9845E-12 
1000000000257067
4 -8.8538E-10 
6 -4.0037E-12 
3  1.9836E-12 
0  1.7976E+00 
5 -6.1772E-12 
7  8.0945E-12 
1000000000331738
5 -3.7036E-15 
7 -2.3077E-14 
6  2.8650E-15 
4 -6.8103E-10 
0  1.7985E+00 
3  1.7980E-12 
1000000000413729
4 -3.2240E-11 
0  1.7990E+00 
3  2.7140E-13 
1000000000532785
4  2.8640E-14 
0  1.7992E+00 
3 -1.9358E-14 
1000000000752408
0  1.7992E+00 
1000000001191654
3 -4.4494E-15 
0  1.7992E+00 
7 -8.6658E-17 
4  3.6940E-15 
5  2.2550E-19 
1000000001970026
0  1.7992E+00 
6  1.0843E-20 
1000000003526770
0  1.7993E+00 
1000000012867234
4  4.9500E-18 
1000000025321186
3 -3.9430E-14 
0  1.7992E+00 
1000000797466210
7 -3.0119E-19 
1000010644431250
3 -1.6549E-11 
1000019829781248
0  1.7992E+00 
1000074941881236
4 -1.5371E-14 
1000895390281188
3 -2.9654E-16 
4 -1.3595E-19 
5 -5.1775E-20 
1002895390281188
6 -1.9049E-20 
1200000000000000
5 -5.3945E-20 
6 -1.9058E-20 
7 -4.7685E-21 
3 -2.9654E-16 
4 -1.3595E-19 
1  0.0000E+00 
1200000000003957
4 -5.4585E-10 
6 -1.2999E-08 
5 -8.9075E-08 
3  6.9076E-09 
7  8.6950E-08 
1200000000007914
3  6.0579E-09 
7  8.7038E-08 
4 -1.2413E-08 
6 -7.3874E-09 
5 -8.3181E-08 
0  1.7992E+00 
1200000000011781
5 -2.2399E-10 
0  1.7992E+00 
7  9.8579E-10 
3  7.3136E-10 
6 -5.4348E-11 
4 -8.0836E-10 
1200000000015760
6 -5.4679E-09 
4 -1.0844E-07 
0  1.7991E+00 
5 -7.9034E-08 
3  8.0561E-09 
7  8.0454E-08 
1200000000019099
3 -2.3430E-09 
7  1.4603E-08 
4 -1.8327E-08 
6 -9.9952E-10 
5 -1.4648E-08 
0  1.7990E+00 
1200000000025777
5 -3.4007E-08 
0  1.7987E+00 
7  3.4007E-08 
3  6.5461E-09 
6 -2.4809E-09 
4 -4.6512E-09 
1200000000032719
6 -2.9455E-09 
4 -7.3179E-09 
0  1.7982E+00 
5 -2.6919E-08 
3 -5.6221E-09 
7  2.6738E-08 
1200000000042437
3  1.1083E-08 
7  2.6329E-08 
4 -4.0277E-08 
6 -6.7406E-09 
5 -2.5559E-08 
0  1.7970E+00 
1200000000050000
5 -3.4385E-09 
7  5.3023E-09 
3  1.3197E-08 
2  0.0000E+00 
6 -4.6264E-09 
1  1.0000E+00 
4 -1.2580E-07 
1200000000051323
7  3.6738E-07 
0  1.7954E+00 
4 -3.3579E-09 
5 -3.5264E-07 
6 -2.3575E-08 
3  3.8790E-08 
1200000000052418
6 -1.3683E-09 
3 -4.9779E-10 
7  5.1062E-09 
4 -4.3543E-10 
5 -3.2565E-09 
1200000000054608
4 -1.2994E-10 
5  8.4387E-11 
3 -9.2025E-10 
6 -3.4066E-10 
7  5.1120E-10 
0  1.7948E+00 
1200000000057137
7 -2.1405E-10 
5 -1.0699E-09 
4 -2.2335E-10 
6 -4.2910E-11 
3  1.8691E-07 
1200000000059279
6 -9.5352E-14 
3  5.6075E-09 
7 -4.6247E-10 
0  1.7940E+00 
4 -5.4269E-10 
5 -1.1750E-09 
1200000000061427
4 -8.0110E-10 
5 -1.0193E-09 
3  1.6102E-08 
6  8.0720E-13 
0  1.7937E+00 
7 -1.4885E-10 
1200000000064192
0  1.7933E+00 
7  1.3685E-09 
5 -7.9941E-10 
4 -1.2456E-09 
6 -1.0437E-11 
3  1.7240E-07 
1200000000068239
6 -1.2533E-10 
3  5.5584E-06 
7 -9.6624E-08 
0  1.7928E+00 
4  9.0634E-10 
5  1.5249E-07 
1200000000074965
4  3.5298E-10 
5 -2.8788E-07 
3  1.2088E-04 
6 -2.1826E-08 
0  1.7921E+00 
7  4.3306E-07 
1200000000080147
0  1.7917E+00 
7 -5.6329E-07 
5  1.1003E-06 
4 -2.3732E-09 
6 -1.1956E-08 
3  3.3720E-05 
1200000000086127
6 -1.8378E-10 
3  4.5619E-08 
7 -1.6018E-09 
0  1.7912E+00 
4 -4.9263E-08 
5  2.4970E-09 
1200000000092269
4 -2.1399E-07 
5  4.6520E-10 
3  7.5401E-07 
6 -3.0100E-11 
7 -2.9878E-10 
1200000000095833
6 -8.0793E-11 
7 -3.7071E-09 
5  7.9995E-09 
4 -7.2616E-08 
3  2.4350E-06 
0  1.7905E+00 
1200000000098487
3  4.7978E-06 
7 -1.2936E-08 
6 -3.0140E-10 
4  1.0852E-08 
5  2.9274E-08 
1200000000100000
4  1.4817E-08 
5  3.2112E-08 
3  3.4843E-06 
7 -1.3002E-08 
6 -3.1468E-10 
2  1.0000E+00 
1200000000101484
6 -5.0717E-10 
5  2.4699E-08 
4  2.9601E-07 
7 -8.6433E-09 
0  1.7901E+00 
3  1.5957E-06 
1200000000103185
6 -2.6948E-10 
5  1.9738E-08 
3  1.7074E-06 
7 -4.3973E-09 
4  1.1020E-07 
1200000000105543
7 -9.0526E-09 
4  2.7992E-06 
6 -1.4640E-09 
0  1.7899E+00 
3  3.3776E-06 
5  7.4813E-08 
1200000000109950
3  2.0324E-05 
5  1.6599E-06 
4  1.3866E-04 
7 -1.5251E-07 
0  1.7898E+00 
6 -3.1084E-08 
1200000000111905
5  1.6298E-07 
3  1.2709E-07 
6 -5.7697E-10 
7 -7.1039E-08 
4  8.7911E-05 
1200000000113645
7 -2.3695E-07 
4  3.2438E-06 
5  9.6237E-07 
3  8.8446E-07 
6 -1.7075E-08 
1200000000116419
3  3.5372E-07 
6 -1.0222E-09 
4  6.2670E-07 
7 -1.9056E-08 
5  9.3384E-08 
1200000000118629
7 -2.1358E-08 
5  9.6649E-08 
6 -2.0813E-10 
3  7.1288E-07 
4  4.6656E-08 
1200000000120863
3  4.0634E-07 
4 -3.7645E-09 
5  8.3597E-08 
7 -1.4567E-08 
6 -2.4835E-09 
0  1.7898E+00 
1200000000125331
6 -3.5051E-09 
4 -6.6903E-09 
3  5.9122E-07 
7 -2.0453E-08 
5  1.1413E-07 
1200000000131511
7 -7.6480E-09 
5  3.4148E-08 
6 -7.1773E-10 
4 -1.1706E-08 
3  1.7049E-07 
1200000000139982
4  3.3626E-12 
3 -5.8146E-12 
5 -1.0905E-12 
7 -6.3109E-13 
6 -1.3897E-13 
0  1.7895E+00 
1200000000155707
6  1.6560E-14 
0  1.7894E+00 
3  1.8237E-13 
4 -1.2031E-13 
7  1.6500E-14 
5  2.3411E-14 
1200000000187157
7  4.0575E-14 
5  7.3399E-14 
0  1.7891E+00 
3  3.1948E-13 
4 -1.8711E-13 
1200000000250057
3 -6.7921E-14 
4  4.2830E-14 
5 -1.2483E-14 
7 -1.4031E-14 
0  1.7887E+00 
1200000000375857
3 -2.1560E-15 
0  1.7884E+00 
6 -1.1220E-16 
1200000000627457
4 -1.1558E-17 
0  1.7883E+00 
1200000001130657
5 -1.9768E-16 
0  1.7884E+00 
1200000004149857
7  7.3963E-17 
0  1.7883E+00 
1200000008175457
3  2.0154E-14 
1200000064533857
0  1.7883E+00 
1200000128943457
4 -7.2145E-16 
1200000257762657
5  5.0067E-16 
6 -3.0069E-17 
1200002061231457
7  7.5825E-17 
1200024801247112
0  1.7883E+00 
1200970228428992
6 -7.6173E-20 
3  7.1783E-20 
5  1.0842E-19 
4  1.0164E-20 
1202170228428992
7 -2.0356E-20 
1400000000050000
4  1.0164E-20 
7 -2.0356E-20 
5  1.0842E-19 
3  7.1783E-20 
1  1.0000E+00 
1400000000052281
3  1.6414E-06 
5  2.6725E-07 
4  1.4640E-06 
7 -8.0944E-08 
6 -8.3394E-14 
1400000000054562
7 -1.5131E-07 
6 -1.1738E-09 
5  4.2077E-07 
3  2.9148E-06 
4  9.1627E-07 
1400000000057502
3  2.5401E-06 
4  4.9689E-07 
6 -1.2538E-09 
7  3.1067E-08 
5  7.8776E-08 
1400000000061007
7  6.9888E-07 
5 -5.9614E-07 
4 -4.9206E-08 
3  4.6191E-05 
6 -2.9669E-08 
0  1.7883E+00 
1400000000064653
6 -1.2360E-08 
0  1.7884E+00 
5  8.9386E-08 
7  1.0577E-07 
3  5.9769E-05 
4  2.9064E-07 
1400000000067605
3  1.4130E-05 
4  2.2115E-07 
0  1.7884E+00 
6 -3.1266E-10 
7 -1.3481E-09 
5  5.3366E-08 
1400000000070908
7  2.2309E-09 
5 -1.7880E-09 
4 -8.6247E-07 
3  1.2888E-06 
6 -5.6377E-11 
0  1.7886E+00 
1400000000075209
6 -4.6507E-10 
0  1.7889E+00 
5 -5.5572E-09 
7  4.9897E-09 
3  3.2558E-07 
4 -2.1157E-07 
1400000000079920
3  1.3958E-08 
4 -1.5748E-08 
0  1.7892E+00 
6 -1.9531E-09 
7  1.7671E-08 
5 -1.7520E-08 
1400000000086511
7  1.2842E-07 
5 -1.2071E-07 
4 -9.8102E-09 
3  3.0827E-08 
6 -1.7640E-08 
0  1.7898E+00 
1400000000095738
6 -1.2237E-07 
5 -1.9451E-07 
7  3.0076E-07 
3  3.4994E-07 
4 -4.6855E-08 
1400000000100000
3  2.3851E-08 
4 -8.9376E-09 
6 -1.2968E-08 
5  9.1828E-10 
1  0.0000E+00 
7  9.5030E-09 
2  1.0000E+00 
1400000000101998
7  1.3420E-09 
6 -2.1635E-09 
3  9.5730E-07 
4  2.6112E-08 
5  2.7191E-09 
0  1.7912E+00 
1400000000103470
5  4.6231E-11 
6 -2.2553E-10 
7  1.6489E-10 
4 -1.9422E-09 
3  6.6168E-09 
1400000000106414
4  4.4605E-09 
3  1.0385E-07 
5  1.8630E-10 
6 -2.4985E-10 
7  1.3050E-10 
1400000000110265
6 -1.8754E-10 
7  8.6470E-11 
3  2.0797E-07 
4 -6.7331E-09 
5  4.1465E-10 
0  1.7918E+00 
1400000000115697
5  3.3583E-10 
0  1.7922E+00 
7  6.8408E-13 
6 -5.8726E-12 
4 -3.3162E-09 
3  1.5117E-07 
1400000000122417
4 -1.4747E-10 
3  1.1114E-08 
0  1.7927E+00 
5  9.5934E-12 
6 -5.6909E-12 
7  8.1610E-12 
1400000000129434
6 -3.6395E-11 
7 -1.5112E-10 
3  1.8591E-05 
4  1.5678E-10 
5  3.9557E-08 
1400000000134807
4  5.6984E-09 
5  5.1370E-07 
7 -3.6559E-09 
6 -5.4067E-10 
3 -1.5686E-03 
0  1.7935E+00 
1400000000138839
3 -6.4320E-04 
5  5.3363E-08 
4  4.0788E-09 
6 -1.6807E-11 
7 -2.9164E-09 
1400000000142165
6 -1.0993E-10 
7 -2.3158E-09 
3 -7.1224E-06 
5  3.1395E-09 
4  3.9791E-09 
1400000000144720
5 -2.4313E-10 
4  2.8406E-10 
7 -7.2256E-10 
6 -6.5207E-12 
3 -1.4634E-08 
0  1.7940E+00 
1400000000146641
3  9.3475E-09 
4  9.2827E-13 
5 -8.3235E-10 
6 -1.8508E-12 
7 -1.4771E-10 
1400000000149032
6  8.6716E-15 
7 -1.1170E-10 
3  8.4802E-10 
4  1.3171E-10 
5 -8.7974E-10 
1400000000150000
4 -2.1961E-11 
5 -1.5428E-10 
7 -1.6058E-11 
6  6.8192E-14 
2  0.0000E+00 
3  1.8990E-10 
1400000000150968
7  2.4783E-09 
4 -7.5583E-11 
3 -2.4907E-06 
5 -1.0421E-08 
6 -2.4261E-10 
1400000000152420
5  1.8625E-09 
6 -8.4764E-12 
4 -3.9770E-10 
7  3.3846E-10 
3 -3.8872E-09 
1400000000155122
7  1.7256E-09 
3  2.1411E-09 
6 -3.8845E-10 
5 -8.1914E-10 
4  1.4309E-10 
0  1.7946E+00 
1400000000158516
4 -9.6597E-11 
3 -4.6008E-13 
7  3.5675E-10 
5 -2.5231E-10 
6 -2.1212E-10 
1400000000165304
5  5.0305E-14 
6  1.8870E-14 
4  2.4310E-11 
0  1.7950E+00 
7 -1.5484E-13 
3  3.2023E-13 
1400000000178413
7  4.2088E-11 
3  3.6791E-13 
6 -2.8133E-11 
5 -2.7989E-11 
0  1.7956E+00 
4 -2.7474E-11 
1400000000204631
0  1.7964E+00 
4 -9.2263E-11 
7  6.0036E-12 
6 -2.9979E-12 
5 -4.5115E-12 
1400000000257067
6 -3.9984E-12 
5 -6.1625E-12 
4 -8.8538E-10 
0  1.7976E+00 
7  8.0419E-12 
3  1.9882E-12 
1400000000331738
7 -2.3407E-14 
3  1.7982E-12 
5 -5.2585E-15 
6  3.7986E-15 
0  1.7985E+00 
4 -6.8103E-10 
1400000000413729
3  2.7097E-13 
0  1.7990E+00 
4 -3.2240E-11 
1400000000532785
3 -1.9453E-14 
0  1.7992E+00 
4  2.8423E-14 
1400000000752408
7 -4.0209E-15 
0  1.7992E+00 
1400000001191654
4  3.6676E-15 
3 -4.6228E-15 
0  1.7992E+00 
5  7.8342E-19 
1400000001970027
0  1.7992E+00 
6  1.6042E-19 
1400000003526773
0  1.7993E+00 
1400000006640265
7 -1.7557E-17 
1400000012867249
4  5.6592E-18 
1400000025321217
0  1.7992E+00 
3 -5.4391E-14 
1400010644442952
3 -2.3039E-11 
1400019829806108
0  1.7992E+00 
1400038200532420
7 -2.1910E-16 
1400148424890292
4  1.1825E-14 
1400895390700788
3  9.2002E-17 
4  8.8420E-20 
5  2.4882E-21 
1402895390700788
6  2.8491E-20 
1412495390700788
7  2.8311E-21 
1600000000000000
6  2.8481E-20 
7  2.8311E-21 
5  0.0000E+00 
3  9.2002E-17 
4  8.8420E-20 
1  0.0000E+00 
1600000000003957
4 -5.4588E-10 
7  8.6950E-08 
6 -1.2999E-08 
3  3.1797E-09 
5 -8.9076E-08 
1600000000007914
3 -1.3929E-09 
5 -8.3180E-08 
4 -1.2413E-08 
7  8.7038E-08 
6 -7.3873E-09 
0  1.7992E+00 
1600000000011781
6 -5.4358E-11 
0  1.7992E+00 
5 -2.2381E-10 
3  7.3149E-10 
7  9.8573E-10 
4 -8.0838E-10 
1600000000015759
7  8.0454E-08 
4 -1.0844E-07 
0  1.7991E+00 
6 -5.4680E-09 
3 -6.8462E-09 
5 -7.9034E-08 
1600000000019099
3 -6.0682E-09 
5 -1.4646E-08 
4 -1.8327E-08 
7  1.4603E-08 
6 -9.9920E-10 
0  1.7990E+00 
1600000000025777
6 -2.4810E-09 
0  1.7987E+00 
5 -3.4007E-08 
3  6.5465E-09 
7  3.4007E-08 
4 -4.6508E-09 
1600000000032719
7  2.6737E-08 
4 -7.3178E-09 
0  1.7982E+00 
6 -2.9454E-09 
3  5.5538E-09 
5 -2.6919E-08 
1600000000042437
3  1.2946E-08 
5 -2.5558E-08 
4 -4.0276E-08 
7  2.6329E-08 
6 -6.7402E-09 
0  1.7970E+00 
1600000000049999
6 -4.6254E-09 
5 -3.4375E-09 
3  2.0648E-08 
2  0.0000E+00 
7  5.3019E-09 
1  1.0000E+00 
4 -1.2580E-07 
1600000000051322
5 -3.5264E-07 
0  1.7954E+00 
4 -3.3582E-09 
6 -2.3577E-08 
7  3.6738E-07 
3  4.6241E-08 
1600000000052418
7  5.1062E-09 
3 -6.1427E-10 
5 -3.2562E-09 
4 -4.3526E-10 
6 -1.3676E-09 
1600000000054608
4 -1.2982E-10 
6 -3.3884E-10 
3  9.4156E-10 
7  5.1135E-10 
5  8.4285E-11 
0  1.7948E+00 
1600000000057136
5 -1.0693E-09 
6 -4.2133E-11 
4 -2.2362E-10 
7 -2.1427E-10 
3  1.8690E-07 
1600000000059279
7 -4.6269E-10 
3  5.6068E-09 
5 -1.1742E-09 
0  1.7940E+00 
4 -5.4268E-10 
6 -7.9822E-14 
1600000000061427
4 -8.0131E-10 
6  1.7393E-12 
3  1.6103E-08 
7 -1.4832E-10 
0  1.7937E+00 
5 -1.0189E-09 
1600000000064191
0  1.7933E+00 
5 -7.9959E-10 
6 -1.0280E-11 
4 -1.2460E-09 
7  1.3689E-09 
3  1.7240E-07 
1600000000068239
7 -9.6624E-08 
3  5.5584E-06 
5  1.5249E-07 
0  1.7928E+00 
4  9.0635E-10 
6 -1.2586E-10 
1600000000074965
4  3.5305E-10 
6 -2.1825E-08 
3  1.2088E-04 
7  4.3306E-07 
0  1.7921E+00 
5 -2.8788E-07 
1600000000080147
0  1.7917E+00 
5  1.1003E-06 
6 -1.1956E-08 
4 -2.3730E-09 
7 -5.6329E-07 
3  3.3720E-05 
1600000000086127
7 -1.6019E-09 
3  4.5619E-08 
5  2.4971E-09 
0  1.7912E+00 
4 -4.9264E-08 
6 -1.8379E-10 
1600000000092269
4 -2.1399E-07 
6 -2.9954E-11 
3  7.5401E-07 
7 -2.9905E-10 
5  4.6428E-10 
1600000000095833
7 -3.7073E-09 
5  7.9993E-09 
6 -8.0959E-11 
4 -7.2616E-08 
3  2.4350E-06 
0  1.7905E+00 
1600000000098487
3  4.7978E-06 
5  2.9275E-08 
7 -1.2935E-08 
4  1.0852E-08 
6 -3.0143E-10 
1600000000100000
4  1.4817E-08 
6 -3.1465E-10 
3  3.4843E-06 
5  3.2112E-08 
7 -1.3002E-08 
2  1.0000E+00 
1600000000101484
7 -8.6432E-09 
6 -5.0724E-10 
4  2.9601E-07 
5  2.4700E-08 
0  1.7901E+00 
3  1.5957E-06 
1600000000103185
7 -4.3972E-09 
6 -2.6946E-10 
3  1.7074E-06 
5  1.9738E-08 
4  1.1020E-07 
1600000000105543
5  7.4813E-08 
4  2.7992E-06 
7 -9.0521E-09 
0  1.7899E+00 
3  3.3776E-06 
6 -1.4639E-09 
1600000000109950
3  2.0324E-05 
6 -3.1086E-08 
4  1.3866E-04 
5  1.6599E-06 
0  1.7898E+00 
7 -1.5251E-07 
1600000000111905
6 -5.7696E-10 
3  1.2709E-07 
7 -7.1039E-08 
5  1.6298E-07 
4  8.7911E-05 
1600000000113645
5  9.6237E-07 
4  3.2438E-06 
6 -1.7075E-08 
3  8.8446E-07 
7 -2.3695E-07 
1600000000116419
3  3.5372E-07 
7 -1.9056E-08 
4  6.2670E-07 
5  9.3384E-08 
6 -1.0222E-09 
1600000000118629
5  9.6650E-08 
6 -2.0807E-10 
7 -2.1359E-08 
3  7.1288E-07 
4  4.6656E-08 
1600000000120863
3  4.0634E-07 
4 -3.7645E-09 
6 -2.4835E-09 
5  8.3597E-08 
7 -1.4567E-08 
0  1.7898E+00 
1600000000125330
7 -2.0453E-08 
4 -6.6904E-09 
3  5.9122E-07 
5  1.1413E-07 
6 -3.5051E-09 
1600000000131511
5  3.4144E-08 
6 -7.1781E-10 
7 -7.6474E-09 
4 -1.1706E-08 
3  1.7049E-07 
1600000000139982
4  3.3475E-12 
3 -5.7853E-12 
6 -1.2142E-13 
5 -1.1281E-12 
7 -6.0069E-13 
0  1.7895E+00 
1600000000155707
7  6.0355E-15 
0  1.7894E+00 
3  1.3387E-13 
4 -1.1762E-13 
5  3.6577E-14 
6  4.4443E-15 
1600000000187157
5  6.2278E-14 
0  1.7891E+00 
7  4.5765E-14 
4 -1.7971E-13 
3  3.4003E-13 
1600000000250057
4  4.1729E-14 
3 -7.1239E-14 
5 -2.7508E-15 
0  1.7887E+00 
7 -1.7371E-14 
1600000000375856
3 -3.8032E-15 
0  1.7884E+00 
1600000000627456
4  6.7384E-16 
0  1.7883E+00 
6 -3.4463E-16 
1600000001130657
7 -1.9747E-15 
0  1.7884E+00 
1600000004149857
0  1.7883E+00 
1600000008175457
3 -5.5287E-15 
5  6.8331E-18 
1600000032329057
7  9.0169E-18 
1600000064533857
6 -2.6322E-17 
0  1.7883E+00 
4  6.3426E-17 
1600024801254341
0  1.7883E+00 
1600093886757377
6 -8.2349E-15 
1600970228769521
4 -1.6941E-20 
5 -7.7927E-20 
6 -1.7159E-21 
3 -1.4850E-19 
7  1.5116E-20 
1800000000049999
3 -1.4850E-19 
7 -2.2153E-20 
4 -1.0164E-20 
5 -1.6941E-20 
1  1.0000E+00 
1800000000052281
5  2.6725E-07 
4  1.4640E-06 
3  1.6414E-06 
7 -8.0943E-08 
6 -6.2473E-15 
1800000000054561
7 -1.5131E-07 
6 -1.1729E-09 
4  9.1627E-07 
5  4.2077E-07 
3  2.9148E-06 
1800000000057502
5  7.8778E-08 
3  2.5401E-06 
6 -1.2529E-09 
7  3.1067E-08 
4  4.9689E-07 
1800000000061006
7  6.9888E-07 
4 -4.9206E-08 
3  4.6191E-05 
5 -5.9614E-07 
6 -2.9670E-08 
0  1.7883E+00 
1800000000064653
6 -1.2361E-08 
0  1.7884E+00 
4  2.9064E-07 
7  1.0577E-07 
5  8.9386E-08 
3  5.9769E-05 
1800000000067605
5  5.3366E-08 
3  1.4130E-05 
0  1.7884E+00 
6 -3.1281E-10 
7 -1.3485E-09 
4  2.2115E-07 
1800000000070908
7  2.2308E-09 
4 -8.6247E-07 
3  1.2888E-06 
5 -1.7877E-09 
6 -5.6508E-11 
0  1.7886E+00 
1800000000075209
6 -4.6465E-10 
0  1.7889E+00 
4 -2.1157E-07 
7  4.9898E-09 
5 -5.5574E-09 
3  3.2558E-07 
1800000000079920
5 -1.7520E-08 
3  1.3958E-08 
0  1.7892E+00 
6 -1.9529E-09 
7  1.7671E-08 
4 -1.5748E-08 
1800000000086511
7  1.2842E-07 
4 -9.8101E-09 
3  3.0827E-08 
5 -1.2071E-07 
6 -1.7640E-08 
0  1.7898E+00 
1800000000095738
6 -1.2237E-07 
4 -4.6855E-08 
7  3.0076E-07 
5 -1.9450E-07 
3  3.4994E-07 
1800000000100000
5  9.1772E-10 
3  2.3850E-08 
6 -1.2968E-08 
4 -8.9377E-09 
1  0.0000E+00 
7  9.5030E-09 
2  1.0000E+00 
1800000000101998
7  1.3419E-09 
6 -2.1634E-09 
5  2.7203E-09 
3  9.5730E-07 
4  2.6112E-08 
0  1.7912E+00 
1800000000103470
4 -1.9413E-09 
6 -2.2563E-10 
7  1.6507E-10 
3  6.6162E-09 
5  4.6270E-11 
1800000000106414
3  1.0385E-07 
5  1.8682E-10 
4  4.4605E-09 
6 -2.4980E-10 
7  1.3043E-10 
1800000000110264
6 -1.8747E-10 
7  8.6520E-11 
5  4.1436E-10 
3  2.0797E-07 
4 -6.7333E-09 
0  1.7918E+00 
1800000000115697
4 -3.3163E-09 
0  1.7922E+00 
7  6.7675E-13 
6 -5.7833E-12 
3  1.5117E-07 
5  3.3580E-10 
1800000000122417
3  1.1114E-08 
5  9.6215E-12 
0  1.7927E+00 
4 -1.4746E-10 
6 -5.5866E-12 
7  7.9096E-12 
1800000000129434
6 -3.6477E-11 
7 -1.5115E-10 
5  3.9556E-08 
3  1.8591E-05 
4  1.5680E-10 
1800000000134807
3 -1.5686E-03 
4  5.6973E-09 
7 -3.6559E-09 
6 -5.4065E-10 
5  5.1370E-07 
0  1.7935E+00 
1800000000138839
5  5.3361E-08 
4  4.0778E-09 
3 -6.4320E-04 
6 -1.6791E-11 
7 -2.9164E-09 
1800000000142165
6 -1.0993E-10 
7 -2.3159E-09 
5  3.1395E-09 
4  3.9791E-09 
3 -7.1224E-06 
1800000000144720
4  2.8393E-10 
3 -1.4634E-08 
7 -7.2241E-10 
6 -6.5208E-12 
5 -2.4399E-10 
0  1.7940E+00 
1800000000146641
5 -8.3094E-10 
3  1.8968E-09 
4  9.2587E-13 
6 -1.8119E-12 
7 -1.4777E-10 
1800000000149080
6  2.8455E-14 
7 -1.1497E-10 
5 -9.0527E-10 
3  8.7820E-10 
4  1.3156E-10 
1800000000149999
3  1.7896E-10 
4 -2.1268E-11 
7 -1.5259E-11 
6 -6.9080E-14 
2  0.0000E+00 
5 -1.4524E-10 
1800000000150920
7  2.2702E-09 
3 -2.3210E-06 
5 -9.2134E-09 
4 -7.3741E-11 
6 -2.2193E-10 
1800000000152344
4 -4.0369E-10 
6 -6.9487E-12 
3 -1.8246E-09 
7  3.2078E-10 
5  1.9545E-09 
1800000000154963
7  1.7107E-09 
5 -7.7238E-10 
6 -3.7196E-10 
4  1.3708E-10 
3  1.2670E-09 
0  1.7946E+00 
1800000000158247
3 -2.9166E-13 
5 -2.5995E-10 
7  3.6593E-10 
4 -1.0249E-10 
6 -2.1749E-10 
1800000000164815
4  2.6016E-11 
6 -7.9640E-14 
3  1.9865E-13 
0  1.7950E+00 
7  1.4009E-13 
5 -3.1767E-13 
1800000000177488
7  4.2942E-11 
5 -2.5613E-11 
6 -2.9062E-11 
4 -2.9693E-11 
0  1.7955E+00 
3  1.5533E-13 
1800000000202834
0  1.7964E+00 
3  1.0019E-12 
5 -3.8351E-12 
7  5.0855E-12 
4 -8.1531E-11 
6 -2.5483E-12 
1800000000253526
4 -8.1143E-10 
6 -3.3854E-12 
3  1.8523E-12 
0  1.7976E+00 
7  6.8819E-12 
5 -5.2026E-12 
1800000000328447
7 -1.0427E-14 
5 -5.5067E-15 
6 -4.2181E-15 
4 -7.5933E-10 
0  1.7985E+00 
3  1.9551E-12 
1800000000409653
4 -4.2000E-11 
0  1.7989E+00 
3  3.0825E-13 
1800000000526692
4  2.9317E-14 
0  1.7992E+00 
3 -2.1785E-14 
1800000000737106
0  1.7992E+00 
1800000001157933
3 -7.6431E-15 
0  1.7992E+00 
5  3.4930E-19 
4  3.8600E-15 
1800000001890934
7  9.3039E-17 
6 -9.3245E-20 
1800000003356934
0  1.7993E+00 
1800000012152934
4  7.7912E-19 
1800000023880933
0  1.7992E+00 
3 -1.2705E-13 
1800000375720933
7 -4.9289E-17 
1800005772880782
3 -3.0897E-11 
1800010158773163
0  1.7992E+00 
1800882084100785
7  1.1466E-20 
3 -1.3017E-16 
5 -1.0741E-19 
1802882084100785
6 -5.4102E-20 
1804482084100785
4 -6.1857E-20 
2000000000000000
6 -5.4210E-20 
4 -6.1857E-20 
7 -4.2576E-21 
1  0.0000E+00 
2  0.0000E+00 
0  1.7992E+00 
5  5.4845E-20 
3 -1.3017E-16 
